111111111
000000000

101010101
010101010

110110110
100100100

A(3,9) = A(3,8) + A(2,9)

k <= n

A(1,n) = 2^n
A(k,n) = A(1,n) + something
A(n,n) = (n aus 2*n)

A(1,1) = 2
1 0
0 1

A(1,2) = 2*2
10 11 00 01
01 00 11 10

A(2,2) = A(1,2) + 2 = 6
10 11 00 01 10 01
01 00 11 10 10 01

A(1,n) = 2^n
111 110 101 100 011 010 001 000
000 001 010 011 100 101 110 111

A(2,3) = A(1,3) + something 
111 110 101 100 011 010 001 000 101 010
000 001 010 011 100 101 110 111 101 010

A(3,3) = A(1,3) + something
111 110 101 100 011 010 001 000   110 101 100 100 011 001 001 101 010 110 011 010
000 001 010 011 100 101 110 111   100 100 110 101 001 011 101 001 110 010 010 011
---------------------------------------------------------------------------------
111 111 111 111 111 111 111 111   210 201 210 201 012 012 102 102 120 120 021 021


A(3,4) ???
                                               0011 0010 1011 1010
A(1,4)     ....                                1010 1011 0010 0011
-----------------------------------------------------------------------------------------
1111 1111  ....  2102 2102 2012 2012 0120 0120 1021 1021 1021 1021


A(3,9) = Function(A(3,8)) = ... = F(F(F(F(F(A(3,3))))))


A(4,4) - Signaturen

1111 2200 2020 2002 0202 0220 0022 2110 2101 2011 0112 0121 0211 1012 1021 1120 1102 1201 1210
16   1    1    1    1    1    1    4    4    4    4    4    4    4    4    4    4    4    4

A(2,2) = 
10       11      00       01       10    01
01       00      11       10       10    01

A(2,3) = 
101 100  111 110 001 000  011 010  101   010
010 011  000 001 110 111  100 101  101   010

A(2,4) = 
                                   1010  0101
                                   1010  0101

